000426
001593
000805
000410
006257
004060
000438
007077
002526
000434
000751
003745
005292
005701
005819
002080
006642
004467
001049
000626
002663
001223
000210
006406
006380
000110
000051
001499
001109
005156
004480
006586
002020
004458
005220
006885
006796
001669
002741
003309
004678
003826
001498
002582
006417
005807
005510
004932
005564
003470
003317
002197
000705
001740
004416
004352
000057
004901
007348
000527
007346
005187
000565
003984
005812
000640
006256
005012
000730
006356
004609
003018
006126
000325
005027
000290
004791
002471
002069
004423
004936
003034
004949
007013
001921
005830
004266
000864
006199
006338
006876
006646
007016
004398
000371
003477
003045
005591
001934
005903
003105
004940
007143
001550
005777
005432
005756
007001
001360
000911
006781
005948
004253
005050
002177
007274
002118
002354
001423
000122
000479
006525
002210
000293
004958
005896
004862
000940
001699
005799
000439
001379
000847
002215
006574
006115
001443
004842
001477
001173
004230
002877
002908
005119
004920
002963
006940
000279
002571
003149
003058
004900
004466
006467
004776
002858
005909
001101
005457
003975
002229
004943
005873
004513
000577
000059
003463
000787
002955
005879
004653
005829
002221
006291
003613
001345
003497
001872
001183
003717
006869
007252
004053
006033
006533
006352
000184
001971
002619
004970
000420
005223
000553
001397
006692
005154
002402
002063
003131
000443
006095
003479
006548
005502
001940
000693
004355
005587
006875
000181
004013
000794
001765
002462
001862
006471
002273
005646
005816
006847
004706
005407
000530
005793
005826
005994
000710
003664
001755
000558
006301
002778
001371
006529
007045
000907
006052
001433
006366
007404
007162
004661
005563
005278
003245
005466
000926
002799
004666
004078
000015
006770
000315
002746
005316
001161
004084
003682
002495
007284
001362
000414
001212
001786
002654
004824
006442
006221
002684
001170
007106
006712
004314
002470
004362
005982
001323
007212
002131
003927
005602
005196
006306
007237
005365
000387
004763
001032
004808
005062
006582
001888
007414
006195
002251
001010
004984
003593
000931
002299
000691
000533
007326
003443
001450
000652
000033
002181
000044
006801
002598
000964
003411
006414
006598
002542
002970
004630
002644
007193
001683
005573
006740
002885
000026
006014
000063
001044
006506
004816
006330
007111
001454
000227
005525
003484
003757
004672
003671
001203
006138
000969
001805
004896
006522
002510
006370
003720
003544
006037
005284
002685
005324
002521
003473
006078
005036
001992
002487
000252
004290
004847
001578
001789
002807
005157
003739
007121
006837
004710
006520
006434
005508
004475
004125
003213
000641
002716
006426
004262
003055
002513
000297
000303
002656
003765
005171
005285
004512
003912
000655
004343
003543
004982
005077
006005
004677
000240
000783
001354
001018
002770
000977
000809
007207
006532
000257
001599
000893
002091
001744
007316
004024
003787
004100
002126
001620
005227
004553
007118
001801
006384
006200
003413
002673
001357
005694
007377
006985
006900
003980
002942
002291
001513
002760
004686
005403
002876
000367
003012
004747
004453
004370
000029
004366
006243
007053
002997
001092
005229
000124
004288
005452
003535
004564
002268
003386
005501
001553
003625
003951
000598
000075
001339
001416
005810
002036
003545
006332
004331
003196
003707
000149
003393
001557
006266
000453
005340
003139
000415
004216
003121
000808
002112
005952
000958
002057
001119
002850
000810
005774
001129
000834
002399
007294
005755
007154
002586
001235
001225
004877
006048
005413
006296
002439
007420
004631
004567
003163
007425
005244
006925
001027
006653
003172
001657
006382
007319
000349
000452
000662
000172
001405
007345
004527
006627
000422
004687
006325
001220
000881
006025
001253
003176
006606
002018
004215
004393
007432
004651
000102
002664
006415
007097
007280
002328
004603
001580
004074
003950
004693
004529
005519
000135
002842
004217
001310
006734
004830
004196
006267
006013
001935
002142
004643
002392
000807
002045
003866
000462
001956
007170
000799
006897
001073
000144
001340
005026
002742
004635
002605
006788
004994
002476
001003
005803
002678
000555
006305
001485
005331
001272
001411
006838
001471
005849
005221
004428
004310
005808
004257
000981
006353
006255
006603
001268
003542
000268
000654
005252
002499
004022
006579
000589
005013
002389
002440
006326
006479
006108
006774
003767
006446
006047
004860
000677
003089
005020
007201
003091
004941
006493
006003
006145
003592
004295
005746
001611
003862
005117
003660
007267
002310
003352
000605
005253
005763
001468
007266
003340
003277
006154
004919
003889
002646
007166
002077
004697
003668
004103
003589
000584
003050
005927
004817
002458
007214
004765
005168
005192
002173
005967
007365
007353
000344
006357
002272
007019
006490
005790
003379
003260
000090
003303
003783
004624
002922
002117
005494
005676
004634
002648
000947
004228
005362
006922
004323
004329
006769
006986
006862
006737
004987
004456
004974
005344
005235
005666
002865
003846
003154
002531
004655
004028
003396
007203
001186
003346
005367
005686
007317
000151
000915
001305
002492
005356
004395
006049
001398
000183
003017
002925
002650
000471
000967
000209
001961
000896
005664
003820
004563
001773
003947
001209
003922
005934
003879
004050
006481
002348
003651
004500
003792
000292
002615
003836
002418
006134
000272
002042
004231
002317
006637
002968
001086
004520
005291
004104
006502
005656
003101
004741
005030
002921
005965
002453
005792
000613
004357
003305
003989
006350
004369
001748
006750
005498
006919
003169
002154
001344
007236
005612
006381
000952
006441
001504
005538
007440
002692
001121
004221
003689
005550
007042
003328
000416
004420
000564
001224
000142
001490
005719
006202
002004
001194
004696
004271
001756
000497
002519
007313
003755
000721
005436
004176
001496
002651
001520
004766
003000
003966
005002
006201
000108
001754
006203
001351
004220
004140
006214
001973
000336
007094
003182
002576
002902
000724
000765
005561
006001
004201
000307
001278
007079
003274
005824
006687
006784
001791
006290
004427
005257
002053
003505
002699
000071
002827
006596
005834
001260
001666
007442
003528
003855
002691
002167
007199
001695
001095
005624
006635
003279
001630
006751
001881
006958
005009
001612
000978
004047
005307
003571
000848
003295
002271
004726
001830
004767
000047
003742
001350
004461
000446
002248
001743
000844
003408
002722
000678
004472
004204
001294
005128
007318
005827
006990
005341
006638
001112
000776
007335
003904
002228
002153
005080
003320
002688
001366
006868
001851
001963
002570
005838
004315
003399
000485
002239
006449
006505
005735
000030
001879
005416
002592
002732
004638
004819
005489
004550
000636
004743
003790
001083
000861
003524
000903
005313
000109
007198
004180
005070
006228
006286
003469
005485
001831
004161
000782
007303
005918
004557
004657
006469
001825
007278
001094
005241
006383
002957
004541
005985
002516
001654
006125
006857
002323
002413
005728
002647
006334
004861
002829
004667
003006
000178
002771
004704
003834
001204
002202
006996
006563
005767
006188
007441
001770
000829
003939
005023
002486
000627
002641
004397
000925
000295
001052
002815
004048
006812
000944
006272
006208
000012
001117
005653
006061
007024
006549
001319
000779
007310
006846
003165
003289
003685
000653
002477
003002
005843
004309
006337
007295
003187
006034
007288
005603
005572
002617
007476
000570
001448
003708
003540
004102
002862
001745
003893
004251
000287
001738
007068
006610
003007
004628
004463
003195
004730
001684
006956
001338
003337
006137
003382
006669
002258
004326
005993
005360
002818
005193
001564
005709
004340
002759
002185
006004
001231
004700
001258
002254
001951
006954
000113
006355
002509
005471
002548
002977
000507
007156
005960
003080
002836
003550
003856
004371
007039
000350
004421
005303
006634
002505
003996
001114
005272
000298
003758
005937
002973
007103
006106
006027
003208
000229
000076
003244
005185
003653
006612
002103
005884
004240
004004
006920
001614
000607
006146
001093
007412
002622
006059
007350
007104
000203
002387
003438
007387
000837
005990
007422
001230
007389
001609
004692
004404
006437
006263
005743
003615
005863
003263
005704
002748
005513
000657
000790
003193
006211
007074
002561
003647
001359
005484
002347
006385
006571
005487
005677
006542
005469
003616
002575
005716
005981
005113
006393
001780
005398
000803
000857
004864
004076
003785
005275
000219
001288
000582
002618
000043
001234
005261
007231
007240
001892
004546
006555
007046
006187
001071
000718
002364
001505
000670
004302
004510
006444
004335
000897
006022
002666
003204
001530
003016
006261
005974
003341
003181
004950
002948
007159
001874
002370
001769
006429
003357
001983
000531
007251
006988
004322
004031
003819
002163
000731
002339
005433
002232
007054
004728
006666
003360
003307
006072
002705
001255
002104
005495
005943
000898
000428
005167
005076
005856
006775
001222
004056
005361
004038
002868
006993
001621
006685
003803
006107
001096
002715
002072
006762
007279
006682
006315
002588
001788
005417
004229
000528
003554
000192
004162
001126
003035
004373
004918
000304
007144
001292
000070
006660
004269
002687
002952
000831
003478
001456
004813
005992
000238
000092
003033
002826
003955
003932
004119
002984
003781
006472
001001
004545
007172
002377
004184
007473
007410
001532
002410
004532
000411
006821
007179
002805
006913
005942
006453
005462
003949
006828
005698
003624
000633
000498
002463
005418
000637
000720
000288
000757
007110
004590
004058
004436
004482
003907
000596
003153
001068
001942
001647
005300
004915
002700
001700
006000
005946
004169
003044
003937
002123
004313
000086
002308
002677
005040
003053
002594
007075
001029
004387
005875
002144
005905
004685
001200
002025
000621
006807
000566
003869
001837
001334
003388
007117
002099
003347
004166
003985
001688
000745
005112
003185
002187
000195
001152
002991
004927
000802
004582
002350
003721
006777
004832
002068
002907
006131
005776
000644
006696
006351
007048
005194
000120
001777
005095
006011
002135
003704
004560
000134
006613
004025
005165
003898
002559
000062
004880
006521
003956
006832
002467
000679
005531
000741
001211
002170
005641
005111
006109
002900
000567
001873
005057
002596
001717
006204
002843
001392
005861
003184
004977
005481
000489
000493
000690
003816
000602
001911
006247
003464
003786
005294
003098
003282
005120
002366
001187
000274
004237
004993
001361
003315
001526
006536
003418
007375
005394
006675
007307
001337
000945
007157
002250
005887
004325
003442
002346
000068
005474
005310
004012
001598
003749
005242
004845
001503
007148
000150
002804
003207
002086
006822
002259
005786
007190
005766
004523
000859
006523
004645
004442
004490
003617
000366
001432
006678
001779
004559
003692
001818
004772
000841
002704
001189
000175
004141
007037
000617
002093
007265
000082
000816
001030
003931
000300
004160
001472
000283
002028
003960
005586
005933
005198
001813
001271
005102
003286
005920
006340
004731
000820
002313
002008
004507
002642
005650
006820
002305
003901
003979
000099
004381
000744
006923
000480
004945
007264
007364
001157
006274
005584
001437
002414
004372
000402
002195
000949
005553
002067
005858
005231
000668
000218
001962
007218
003995
002213
002633
001659
005928
005007
004952
002145
000777
002434
003066
006597
004273
004537
001491
003296
003518
003142
005595
006176
000517
007055
006097
004224
005125
007282
003782
001415
000568
000360
003532
006452
004865
005820
003100
003994
000759
006445
007032
006073
004878
000214
007429
005419
004951
006553
003254
003560
001473
002244
000725
005672
000049
005859
005562
006994
000887
006552
004127
002893
005160
006761
000516
002949
003392
000139
003395
006367
007394
003968
000463
004608
001233
000594
004534
000450
004194
003641
004010
000312
007477
006730
005628
006111
000451
003166
005697
006043
000890
002763
000658
001506
003504
007002
000999
000389
002330
001476
002240
006729
006739
006244
003437
006738
002972
002775
001923
000758
000700
006554
001293
006602
002873
006262
004190
001907
005151
005190
000368
001937
001151
007177
007254
004129
007130
003010
007361
000191
006094
005374
000174
001903
001099
004956
003308
002292
006524
007275
005533
004054
001164
005902
004336
004247
005570
005638
001661
000508
000166
003666
005143
006100
005216
005041
006497
000103
006499
004536
003558
001104
004600
001752
006684
004205
005557
004001
002916
004928
001658
000152
004105
002483
001583
006556
002552
005019
003433
004071
005491
006889
006540
002209
004147
004509
002985
001822
005770
007191
007092
004908
000309
000212
003852
007311
005867
006902
000495
003256
000205
001434
001135
002584
000868
002749
000305
001849
007302
001988
003240
002798
004236
001534
003109
000843
001987
005140
006623
004035
000383
001538
000211
006006
001957
004894
002438
002727
004656
005693
001349
004684
005349
005723
000680
000180
007122
003513
006914
004477
000278
006321
003319
003252
003942
002480
000289
003075
004650
007352
000993
003235
002236
006982
000039
005277
002754
006570
003454
000270
007033
002883
006114
006447
003539
005813
000111
003218
001391
002600
000220
007450
004503
003460
004556
000083
000873
006934
006535
000461
006583
000551
004680
002374
006292
002246
007043
004252
002450
002329
006279
002146
004328
005880
006607
000650
007034
000708
006867
007428
003815
003718
003063
005018
003349
001424
001216
005710
001924
000104
001064
000314
001289
001427
004151
005890
003129
004525
006053
003008
006193
001105
004086
005503
004596
007479
004017
000684
005478
004810
002765
006815
005828
002451
006250
000326
002652
006259
002176
005402
005837
006480
003318
003703
003941
002787
005096
005916
001676
000348
005458
003226
004092
004753
001626
004552
003622
003908
000871
004386
002217
007336
002218
003326
003661
006899
002121
004715
004032
006460
000085
004284
001877
002801
006942
002640
006412
002880
007242
000494
002019
004794
002525
004486
004213
005783
005509
001270
004157
004925
002895
005773
006185
000618
006410
003425
004955
006802
007222
003519
004454
001413
002201
002001
007320
000869
002358
002006
003090
005213
005184
000356
001162
005684
003064
003534
003161
005780
004712
002607
007379
001890
000579
002319
006040
001691
000862
005067
004606
002380
002378
005454
005274
003306
006663
003499
004258
001116
001541
004239
005758
006886
005821
006661
007455
005976
006056
006012
005700
003365
005410
002500
007296
004198
006636
006644
007363
003801
005634
005204
007131
007023
004405
005559
007113
007175
002052
001776
006840
003313
004584
002536
005368
004168
001592
001723
003509
005857
003684
002611
005090
000490
007134
003483
002910
001006
004506
003431
002503
006391
002314
003410
004367
002554
001417
003096
000025
006659
002409
003270
003563
001113
004450
001552
006399
005589
004885
003214
003402
000433
000979
002655
001847
006806
005752
001127
006531
005552
004424
002518
007192
001102
003276
003857
005075
006064
005547
005200
000194
000615
000643
005377
003285
003116
005505
003575
002776
006135
006328
005718
000330
002207
005404
005384
002670
003299
000972
000483
002420
002602
000719
006773
002059
002803
002566
005003
000032
000664
005889
004734
006036
006392
001444
003800
002792
006626
007289
001705
003573
005482
005654
004101
004350
004981
003227
000118
002277
002905
003909
001401
000739
002456
000170
000540
003784
000883
007468
005609
005021
003903
005061
000674
003209
000397
002915
004922
001815
006948
006404
007105
004487
002100
006992
007415
006307
002101
006346
004279
006157
001548
006785
003773
003323
004457
000355
006550
001461
005186
002535
006631
003220
005332
002373
001051
003074
002321
005391
003334
004825
001751
003914
001772
001196
001878
002668
007465
002016
002005
006071
001482
003237
000328
000648
003599
002945
005228
001123
000396
002788
004385
003905
004303
005239
006500
001259
004441
006237
005123
001519
006826
001378
005460
001023
002587
002918
005214
007196
003771
000912
002857
005087
001675
001746
003026
000532
001736
001629
004939
000430
003523
001808
004761
003607
003780
005922
004868
000234
004707
002222
006581
004294
006099
005097
006680
001948
005722
006647
006978
004620
003492
006853
001995
003639
002671
006230
002224
001106
006402
000818
005107
004376
005108
005435
001697
006496
000136
005180
001642
005885
005004
003722
006639
001180
004698
000888
002987
002372
002437
006225
005660
000817
001111
003414
007128
002341
006144
003167
005518
005597
004914
003065
001264
000990
001464
003662
004781
001739
005378
003933
003710
000353
006009
005705
004174
007010
005388
006280
001489
006129
005017
003130
001228
006950
003944
001053
007084
002894
007003
000052
007438
004233
005245
003085
000159
004617
001587
001589
001479
003555
004695
003145
001469
004462
003094
005683
007021
002078
007324
004705
004588
003858
007373
007220
004113
002828
000436
004333
007243
002960
004989
003878
001588
007309
002780
006083
005507
001590
005775
000973
001238
002951
006704
002342
006591
006236
005740
007449
002231
004003
001497
000449
002369
004189
003429
005472
004773
003817
004649
002422
006722
005805
004407
001551
006641
001146
004903
006450
002092
001313
002015
006191
000187
006966
003842
003655
003426
004417
001381
004568
000413
004591
003455
000941
000801
003336
003606
007012
002750
003982
004597
005605
000256
007273
007338
003199
002235
000647
001767
005133
006896
005339
006323
001572
000024
007286
001088
006501
002694
004639
003398
003559
000112
002841
002311
003441
006121
007109
005082
003805
000056
001309
000695
004374
004099
003752
006159
001227
001999
000276
005250
004347
001833
005930
006650
007322
000682
004504
007049
005897
004318
001137
002767
005011
004714
004898
000942
001036
002884
006128
001346
003877
003646
007342
004375
003935
002784
000880
002384
004602
002988
000115
005219
003400
007444
003119
004975
004122
005673
002819
003822
005608
001710
007467
006152
000081
003802
003021
001972
001714
003536
003825
004800
007180
004528
004827
001946
004615
004382
005251
007263
003488
001610
006462
001251
003833
000694
003070
005132
007305
002867
005768
005809
003375
000665
002194
004897
006112
006395
005978
001017
000557
007210
004671
001207
004320
004522
005761
001510
004857
003829
003732
004872
003211
003630
005103
007329
000266
004923
001140
003162
002111
006757
006878
001909
004483
006388
000656
005035
006304
004793
000998
002834
006364
001237
006234
006701
005712
002186
001134
001303
001627
004814
001522
000358
000138
000299
001556
000382
005166
004275
007155
005426
004379
006050
005149
006431
002721
001932
006526
006747
006768
006156
003807
006398
004287
000796
002416
000785
003158
000123
002172
005395
006664
000910
002309
007005
003634
001257
001178
003650
000442
005736
001399
001457
004601
001054
003275
005738
003699
003759
000929
005288
001829
006345
007376
006150
004963
002011
005670
005590
007178
002606
003264
005652
004966
000006
002980
003361
001943
005899
006888
007368
006823
004786
006884
003134
004750
002242
001474
007349
001889
003435
004647
003705
002021
004020
005888
005329
007219
002658
001130
004508
007262
004581
006933
004144
001236
007248
006725
002282
005543
004093
004338
006368
000386
001628
003585
002714
004401
005317
006551
003189
000909
005649
001866
001842
002497
006124
004840
004727
004006
002702
006151
000331
004383
004965
002459
001774
005325
007372
002686
006314
006074
005209
005493
007171
005715
005372
007000
000173
003321
004339
003372
003311
004539
004640
005866
003403
000018
003691
006798
004096
003628
005923
002174
001356
004526
003112
000182
005844
006793
001812
007472
001800
002429
004594
006463
005202
006605
001159
001213
001325
004595
001455
004377
005720
001644
002140
006041
000729
001936
003793
006979
006456
005327
001110
006077
002998
002394
001185
002007
000193
007116
000578
000771
002395
007409
001846
006260
004274
003740
005771
004962
002073
001896
005499
003659
002379
001447
000342
006600
002527
000727
000976
005263
003516
004881
007181
003940
001299
007390
000660
001492
005987
005464
002315
006947
006891
001085
007057
003198
005054
005662
000067
005945
002269
005269
007063
005894
003447
002367
004439
004988
002512
002723
006375
006143
001143
005762
006421
004625
003789
002220
002331
004985
005314
006572
004088
001967
005852
006911
004365
000423
006890
001904
006789
003917
003618
000839
004587
000141
006178
001377
003674
005815
007331
003808
001138
002257
001787
003938
004871
000459
006841
000948
003700
001336
005956
001602
002238
000639
007223
003830
004886
006758
006691
001070
000155
002295
004758
001089
002940
006329
004384
000930
002909
004803
006865
003247
006797
005546
007298
006464
006970
001698
007038
007439
005049
003831
006818
006808
000985
001821
000587
007136
005483
006813
007434
004740
005936
003557
001395
000264
003547
004668
006830
005271
003864
006210
002400
005397
003711
000246
001594
007271
005048
000923
004618
006951
000669
003604
001910
005206
003958
002696
002591
001781
003013
002307
006601
003690
000687
000612
003200
002267
007173
005680
001898
007129
000258
002924
002822
003339
003525
002285
000484
002211
004626
002555
000007
003657
006343
004402
002426
001814
002274
001011
005055
001067
001991
003970
006918
003867
006676
003048
000781
007261
001749
002791
001091
005159
007080
006068
002608
006622
002290
001727
000610
000343
005833
003750
003215
000097
004691
001537
003588
003648
005953
004619
001517
006587
004272
003669
002090
000572
006803
006212
003062
005614
005406
004836
004999
004479
000370
001938
005282
006461
003670
003652
002361
004260
004652
006745
003737
006239
005629
006081
001171
004863
001422
006716
006972
004906
000874
002297
002643
006485
000840
000581
000204
001641
002014
003253
004610
000905
000631
005296
005386
001974
000162
005100
006724
004751
000875
001431
006302
004663
006702
002856
001861
002659
003384
006870
004942
003331
006118
005621
005461
002096
002003
000546
001449
005176
002610
001900
005893
002757
001885
007232
002097
006513
006723
000836
003471
005950
002171
006433
006372
000398
002010
007187
001283
006654
005459
004256
001836
001019
001326
006512
000475
002810
007459
001651
006943
007147
002528
001206
005785
005751
004708
000867
002974
000541
001132
007249
006595
003390
005369
002962
004155
003259
004848
007388
002583
002813
007009
006486
005141
003586
006430
005337
006369
002630
007325
006105
001080
004283
002085
002452
002023
005744
000226
001013
001929
005266
001404
002179
000697
001124
003895
001778
004764
002634
003489
001037
002256
005001
007396
000313
002649
002281
005351
002547
002159
003137
006219
003967
001428
007036
002520
004856
005522
000448
006251
001284
003727
000361
006026
005962
002460
000022
002066
001653
000702
005405
002743
001376
006080
002468
003754
002325
000460
004183
004082
001486
003678
000282
004558
004308
003537
005247
002581
001368
006749
005015
000597
004351
006076
007427
007047
004870
003468
004771
002990
006657
002544
005551
005470
004066
003988
007228
000685
004762
003243
005787
004083
002837
003697
006562
004040
002230
005451
002320
000521
000522
005839
006020
006017
005639
000780
005850
005060
000651
005571
002196
000369
004899
004214
000377
007358
002216
006782
001613
006717
003632
000962
007351
007018
005696
000359
003839
004998
001246
005210
003694
006319
002567
003423
002037
000772
006877
003562
007078
006839
006088
004531
001674
000365
004905
005972
004327
000147
006578
003088
005900
000407
006909
003456
004182
003576
003271
001031
007072
000855
003926
000078
002247
005532
006859
006880
005138
000788
002279
004095
003897
004866
006215
003631
005594
000424
000392
005577
007060
004200
002672
006844
005110
003493
001459
005389
005044
004953
003835
006755
006224
007120
004724
005804
002355
007392
002442
006854
006866
005817
000464
000163
006478
006703
007169
007418
002009
003084
000900
007029
004837
002293
004481
004605
003716
006209
001764
001549
003029
005643
002044
000767
001508
007268
004517
004219
006218
004890
003292
000819
001403
001382
002148
001638
007194
000399
000882
003565
006686
001179
004244
005099
002130
000456
001950
000689
005910
007226
001953
002710
005544
004349
006498
001884
005627
006615
002494
003036
003603
000845
000542
003724
004187
003679
005973
006119
005130
002964
002529
001048
001960
002530
005500
000237
004917
001133
006189
004259
005520
006727
006408
002978
005921
005748
006341
003919
003138
006677
004073
007347
003229
001826
000593
002725
004137
000560
005860
005255
000243
004437
005259
000405
001442
000261
005008
006825
001689
001725
004930
002496
005022
000340
005212
001601
004576
003725
007408
002785
001523
005566
006643
006931
006045
001766
007381
004037
005911
006062
006995
000363
007400
006733
004725
004443
005963
007315
002562
005224
006860
006945
003083
006894
002102
000632
002493
002665
005412
004406
005914
006711
002334
005733
003619
003883
005072
004211
001494
002401
003874
001232
002661
002817
006836
005939
004153
006226
003061
006400
007401
001735
002823
005702
006565
002475
002564
006864
005784
000707
003046
006389
005708
000072
004448
004839
006998
001190
002601
001125
001241
006706
006732
005607
003351
004008
001577
003906
003729
004358
001343
007461
007224
000440
001100
002637
006670
000649
001546
005687
005707
002852
003503
005381
000630
004768
001249
005114
000482
001584
004676
001462
003040
005010
005753
003273
003683
004145
005267
004954
003225
001072
004815
002631
001660
002425
005079
007424
005682
003097
003976
007283
007100
005312
005929
001408
001845
001798
003957
001475
000035
005689
000444
002359
003654
003179
001286
005540
004445
003416
002137
002636
004016
007227
001681
005437
001692
005515
005958
003635
000372
005747
004882
007086
000140
004884
004419
006967
006264
000714
003188
006611
004431
005234
000406
000020
001004
004986
002411
002545
002390
006010
000042
002830
003371
003022
003364
004399
000011
004760
001177
001947
002501
002863
003865
001026
003848
002989
000961
002889
003015
003338
005281
000735
004400
001440
002875
003986
000916
006245
005836
004089
006912
005845
002772
001624
005931
000821
001367
003712
006726
000850
001000
005556
004114
001637
001667
004589
003173
005692
001347
005842
003230
005260
005749
004783
003232
006120
000703
005105
005964
003291
003673
002408
006903
001327
006962
006133
004909
004440
006253
000986
005941
006791
006440
006503
004049
003485
002474
003873
001198
004181
001518
006207
001799
001014
000128
001364
006206
004470
000891
002793
006285
004403
007123
006424
003249
001208
003868
006720
004065
006963
001239
002289
002740
000275
004585
001035
001229
001008
005178
003828
002532
004293
001058
005548
000281
001043
001316
000968
002381
005970
001939
005366
001274
000619
005430
001742
001390
006092
001579
001655
003568
002352
002212
007437
003178
003192
001307
000575
002360
001280
006086
004957
006192
001993
002639
000269
000629
007126
003081
003466
006539
004396
004023
007088
002046
004356
005876
002113
000027
002040
003928
006766
003216
006968
003814
000129
005542
007343
004599
000013
006425
004476
001525
002365
004648
003052
004005
002340
000374
006510
006436
000939
007160
004573
002147
003591
005913
006795
007163
003623
000529
003714
004732
001269
004281
001394
004850
004009
004390
001797
002979
001441
005593
007285
003811
001273
004703
001712
000955
005537
005979
006620
006872
000403
002071
007107
001977
000158
003888
000902
000352
005326
004540
004130
000754
002971
007445
002920
000311
004644
000661
001989
003665
000306
002335
004790
002356
003702
003804
001927
006567
003427
000749
003638
005440
001266
005679
006618
003595
002134
005066
004109
004969
004904
000514
006693
000409
005579
007451
007397
006488
000207
006087
000458
002054
002430
000250
006394
001107
006069
001713
003911
006023
000715
000552
001439
002270
003144
007141
001925
000634
000316
007025
005424
000427
005549
000105
003041
004238
002169
001709
000089
002241
003174
005681
001949
004044
002848
000001
004337
000935
007384
002720
005205
005729
000591
005613
002936
002448
001576
006021
006249
000213
000778
003496
005871
002043
006787
005420
001567
000165
004702
003566
006365
007112
005439
002013
000273
003860
004167
006507
003788
005183
000394
000583
007359
007457
006936
006149
007153
000520
001763
001875
005355
003965
003344
002253
003224
000526
002946
004473
003899
000692
007069
004444
003633
001050
000590
000519
003380
003676
006165
005179
001607
003610
007137
007478
001809
000791
000792
006153
001855
001980
003233
003598
000933
003963
005558
005506
006946
004179
004026
006629
004116
000988
005769
003453
006835
003778
006281
003093
003155
005069
003201
006308
001098
006217
002844
000886
007382
005802
000515
006906
004833
001453
003553
003609
004665
002506
002994
003999
007090
000906
000028
007071
002507
002428
005043
005346
000762
003747
004811
000284
000686
006916
002353
007300
006435
000021
002752
000885
000917
001040
005935
001265
004579
006482
006957
000277
005084
002084
001245
002382
000571
001435
003902
005089
001247
005610
004681
003526
002514
005445
001007
004770
004543
005633
006487
002064
005352
005907
001690
006465
005343
001985
000294
001547
002012
000588
003329
002403
002129
003998
006557
003741
003508
002719
004521
005150
006817
006824
000556
004795
002469
003738
004286
006160
005289
001716
002604
006171
001704
002139
003239
002383
004311
001285
006468
006688
003930
005659
001591
007026
006632
002162
002396
000317
006719
003111
005233
006707
007260
004036
000795
003020
001711
003387
000036
004549
000913
005295
003972
005370
004133
000974
000983
006110
001418
001560
004135
005582
006348
004265
001355
007004
007093
000987
002682
005047
001640
001290
003681
001380
001933
004675
006298
003160
002030
000892
004876
004069
004255
000002
002109
000849
002737
002466
001914
001596
001913
005139
007044
005640
002736
000726
000053
001796
003845
002553
002800
000936
006169
000824
004321
003401
001389
003564
000884
005429
005703
005690
004867
001868
005181
000010
003415
005421
001463
000806
006101
005882
004068
002108
006318
007417
002234
000963
004494
002632
000704
000431
004388
000145
002033
006282
001165
003500
002050
003760
002624
004484
004435
006180
005798
004361
002424
001262
001771
003511
000271
004792
007448
000244
007253
004572
002032
006898
005912
000813
003810
007245
007423
006075
001804
006361
004346
002461
000545
003241
000738
000310
003521
001131
005545
007366
004111
002769
000920
006271
003587
003959
000038
004459
004278
002983
005290
007463
005217
002667
003223
001182
006792
000614
007344
001466
004497
003042
000934
002419
005085
006754
006063
004822
000826
001521
002930
004232
000628
004430
003853
000390
004345
007287
003990
000400
004806
005135
006044
003359
000046
005657
007174
007371
003642
003726
006850
005208
005319
007257
002421
005604
001750
007354
006127
004062
000338
000215
003663
001341
006843
007239
003894
003640
000329
006029
003004
007142
003115
007233
002322
004197
003549
001458
000171
004203
006268
003569
004226
005158
006104
007426
000938
000060
001240
005760
005136
006494
002120
001524
000153
000481
004460
003920
001762
000750
001785
006223
004501
004853
002711
006046
004193
001333
006662
002854
000186
001136
002058
006276
006270
000148
004124
004889
006058
003363
004788
002866
003776
001386
007066
006194
005695
003629
006735
004797
003028
002969
006511
001708
002953
000454
006258
000609
004263
004826
006347
002074
004052
006082
001622
004683
005497
005796
006560
000040
005475
002089
003924
002175
000074
006814
007380
002657
003180
002076
000441
002051
002541
001301
006881
003430
001304
000236
006492
002599
004616
002573
003280
003186
003953
002768
004831
004223
002106
002679
002761
004688
005399
001387
007020
006772
007096
007217
005000
005853
001279
006679
007328
001555
006767
003190
004566
004802
007015
004841
003594
001920
000513
004177
001308
005667
000914
003452
003695
004242
003156
002198
000774
004425
000943
000822
005005
004277
000164
005619
004547
003983
002538
007132
001311
005207
006804
005383
006240
006941
003300
003310
000327
005886
002490
005954
007008
004408
000832
003079
003462
005297
006561
000054
004064
003451
001901
001481
004873
004895
004150
003335
006016
004926
000946
005797
003293
002161
007241
005083
006339
003057
005490
000768
007031
003495
000285
007393
004524
006656
002332
002717
002079
003389
000722
000951
006527
002262
000989
003212
001759
006142
004422
005479
001724
005182
000341
003701
004243
000688
003432
005203
004944
000966
007061
006765
002203
002713
004757
005098
006609
006845
005280
005975
003572
004805
005299
001990
004120
004759
006136
005298
006543
004971
007087
005034
003600
006829
007446
006175
000385
006534
006831
000536
006977
005032
004212
003507
000201
001332
003502
002708
006030
005031
004662
004021
001854
006690
002872
003030
001205
001645
003417
003476
006299
002861
001792
005526
003797
003368
003367
003533
006568
005109
006024
003449
000603
003056
006517
000126
007337
003876
002935
005443
004451
003531
002730
000827
001639
000984
003281
007436
002188
007083
002443
000362
002349
000345
000814
006166
004807
003205
006216
007168
005961
003325
004106
006697
002116
001834
000793
007402
002674
000094
004225
003756
002891
002371
006458
007133
006633
003228
006158
005996
006671
006028
002853
006924
002912
001865
005754
004612
001857
002645
002243
005373
002336
000950
003068
001120
002597
002204
000419
000922
001254
000477
002035
006887
005788
005742
005567
001202
002626
005765
007200
001970
003110
004018
002151
003687
004916
001997
004033
007332
003054
001248
002192
002712
000992
002190
004670
005142
005984
003762
003597
004711
001318
001863
002343
002449
002136
001065
005868
007421
004227
002621
000077
002898
006148
004820
001314
005947
006537
000872
003850
005468
005951
007152
002965
003391
005415
002560
007323
002635
005256
003530
000375
001908
004429
006477
007183
004027
001604
001118
003677
003490
007480
006039
002958
001994
007416
006509
002376
006851
001342
000320
001619
003713
006848
002060
002219
001673
006038
000260
006608
002039
004785
000901
003744
002026
004234
001917
001828
001573
004415
004749
006233
006569
004654
006283
004208
004627
000224
000723
006714
001141
005529
005764
006673
005554
007095
002762
000846
004289
005560
005042
006117
002551
005725
002928
000117
000645
005966
000003
004170
005851
000467
000005
005342
000919
002595
004324
001063
002590
000242
006518
001160
002870
003735
006842
002397
003517
003421
002563
005622
001605
007213
002324
002709
006576
001312
003448
003812
006085
006955
002362
001975
003514
001761
005401
002739
005637
006964
002472
004007
004718
006177
001493
004206
006371
002158
001169
006759
000232
000066
001603
006168
003283
003596
006288
004632
000125
006229
005350
001296
001976
006760
006708
002075
004580
005750
007062
003086
006495
003345
006683
005870
002797
000918
001646
005122
005126
004978
005431
004621
000364
003287
002125
004123
004569
000525
004821
000055
000638
000302
002766
005811
001276
007006
004720
002055
005376
005145
004432
003644
004143
002878
004202
005175
002286
002261
005240
006658
002296
005932
001753
005197
001968
006504
003117
002393
000523
006376
005524
003900
006969
004699
005585
006604
003122
004156
001969
000671
004188
000666
006483
001887
003266
000280
001719
002947
004455
000899
006031
007247
006090
006558
000760
006254
001906
004042
003823
004138
003818
006269
004300
005569
006196
002593
004164
003031
005971
003579
002832
005449
003472
006327
000137
004892
002180
002128
003177
004854
004637
005115
007221
004261
004344
001331
002017
004542
002482
001358
006241
001329
007369
002150
004530
002122
004673
003981
001252
003278
003374
002814
004719
001848
004858
003037
000388
000235
001077
001984
004363
003962
000770
002165
004533
000673
000249
006297
001574
006238
003419
002081
001823
006921
007151
004544
005565
000716
006674
006980
002048
005997
005264
004178
004809
002724
006764
001460
005989
001668
002756
002000
004571
004613
000404
000384
006721
002152
001633
006855
005580
004784
003925
005336
004158
004948
005898
006783
005358
000223
002193
003136
004469
001824
006874
005124
004972
000797
002871
000009
006593
001944
001838
004804
000255
005713
004485
006744
001581
002956
000924
006630
002508
006132
005024
005320
006042
003775
004835
004136
004964
002779
000539
002745
006728
006834
005467
001145
005127
004468
000667
003019
000357
005063
002831
002783
001353
005131
000470
002703
003330
003637
001396
003584
006715
005262
005645
003376
001256
006190
003512
005651
005778
001250
005795
005348
007186
004298
003284
002933
004175
005268
004910
001852
006316
006997
007276
002105
000133
005236
005029
000928
000823
006800
001531
001214
000504
004285
006491
001996
006530
003072
001958
001384
000894
004924
000455
006619
005779
006929
003709
006904
004849
004748
004268
003522
004134
003602
007308
000713
004186
002214
005301
002923
006780
001810
003486
003141
001827
001155
001324
004312
000510
001680
000499
006786
001856
001388
005615
003719
002386
005541
003236
006172
001540
001217
002681
002993
005512
006313
001191
005772
005293
001542
003301
003324
002539
000953
006731
004846
004330
000732
007470
001156
006928
003294
006541
002982
005305
005161
002156
001062
002616
001167
003222
003636
005588
002938
004491
003140
004980
000143
007411
003577
004946
002782
000717
001819
002502
004360
004171
006588
000395
005731
006320
007229
004492
001365
006819
005999
000595
006205
003952
005392
005917
004968
002914
007370
002326
005644
003766
003440
003851
004132
006861
002143
006901
005073
001571
004079
001122
002786
006335
002967
002504
005988
003465
000675
002808
003348
000728
000412
003146
001516
005745
000825
003267
003974
000616
000114
000417
003069
001625
006748
007407
004185
002896
006983
002082
000753
002546
003969
003373
005726
004107
002444
004380
001066
003913
005287
005536
005387
005732
003498
002738
005052
004000
001568
002427
003746
006833
006932
001687
000851
003546
006303
000895
004592
006401
005878
000335
002839
003087
004611
001348
001015
002816
001631
002489
003730
003251
006926
005877
006665
005881
002070
004452
007299
005408
001635
004646
006484
002479
006617
002265
002959
005323
007067
003059
005053
005869
002141
005104
003118
005188
007059
004045
003356
002744
005092
003506
001679
004249
003147
002294
000580
001470
004799
004070
005308
003343
004992
004583
003672
000559
005237
005215
002849
000512
004729
001081
001664
001012
001931
001150
002838
005949
000116
000740
007182
006070
005177
003675
005906
000830
000119
004752
007139
007082
007395
000635
004465
004364
006799
004142
000991
000876
004869
005315
005222
000004
003051
005691
003124
006407
002660
002491
005173
003854
004933
004777
001715
006448
006713
006457
006293
001148
003261
000574
003769
003736
004146
000853
001982
002774
005919
004929
005211
001166
006614
006002
000971
002701
004495
006655
003847
002368
004115
004780
004131
002950
005625
006971
000524
002455
005016
001841
005986
000537
002806
005801
005596
004341
003175
000784
004057
001409
002537
000154
003009
001686
002901
007406
004721
003863
002733
001895
005442
000569
006709
005854
001816
002065
000127
003394
003327
007453
006102
002975
000980
002300
000190
001139
005088
000699
007140
000606
004276
000301
006640
003420
007202
001060
007259
007327
002565
007466
001069
002524
002205
001243
000016
003120
007456
004642
004754
000815
003067
007145
005600
000959
007022
006427
004893
000225
006170
003354
005895
002485
000562
003436
006373
006181
001693
006893
001045
003446
004565
000954
007452
002735
007334
004735
007205
001218
005254
005511
007114
001527
003987
007383
001300
007314
006944
005699
000160
004067
005800
000956
003791
003234
002869
003777
004433
004973
006015
002961
005980
002200
000098
007269
002557
003183
000253
003923
004199
001445
005539
001648
004682
004723
003991
001696
003191
006197
006295
004499
001154
002255
006959
001682
003170
002056
004090
007290
003108
004548
003723
006397
005423
007040
002049
004976
003643
007378
000623
006489
007195
005883
000262
005730
003369
004061
005534
006294
006065
006616
001802
004736
007464
002385
006694
005759
001959
002976
000488
001843
001734
002911
003219
000146
005630
001986
001369
006546
006051
007098
002811
000659
001794
002511
003397
004282
001147
003272
000608
006287
006895
003582
001930
007125
000197
002931
002327
004389
000766
004496
004218
003255
000202
003510
004931
006390
005535
001733
005791
002777
001707
005172
005249
005757
003474
006528
005855
000854
005685
006363
004737
004097
002160
000698
007403
002999
003696
001636
003457
003581
001291
004659
006585
005616
001853
005232
003763
003304
007355
005727
003743
003445
001998
000663
004779
005353
003748
004413
004744
005530
005575
000709
001282
005864
005068
002675
006776
004029
001306
005496
005504
002237
003302
005592
002038
001529
001663
005450
007386
007413
003627
005739
005147
004891
002693
003060
001597
006700
002729
002625
005915
003157
003314
001722
005279
006668
001059
004636
003242
001678
006892
006374
006628
001757
006019
004191
005116
000563
002790
000863
001484
007035
005977
005134
000206
004488
006938
000870
004493
006910
000502
001028
003840
002690
005581
006756
005056
001570
002773
005991
002731
006242
000804
005847
003645
002454
004598
007215
003104
007073
004875
005959
000200
006278
003099
006184
007161
002278
003561
005892
004474
006432
004514
005794
000391
006736
005618
005258
007230
001495
002695
002027
005248
005463
002568
000064
003884
002062
005276
007208
000492
000379
006331
004859
006360
003993
004887
001076
000878
000337
006863
006439
001016
001275
003798
004551
003342
004911
006413
000995
001981
004297
000161
005675
006873
006545
004798
001500
003843
005225
002613
003461
001021
003073
003943
001585
001955
003152
006349
000034
004014
000775
002556
001478
007099
005486
006235
001363
007041
002612
002824
002041
000241
002061
002363
000600
002435
005393
006310
002888
006164
000646
003890
003556
003202
001528
006975
001267
001899
004658
003005
002734
007101
000189
001806
000975
002747
002047
002558
001082
000474
002904
004843
006396
004117
003385
004555
001184
006420
005051
005311
002433
006949
005611
002391
000769
001685
000130
002919
003171
003444
006231
005578
004426
005334
000466
006265
005734
003092
003772
005191
005226
005390
000860
007270
